   0.3091791   0.2519283   0.2336385   0.2671334   0.2707159   0.2311301   0.2304389   0.2333918   0.2694098   0.2594033
   0.2519283   0.3267633   0.2376865   0.2612213   0.272736    0.2305831   0.2418525   0.2388821   0.2711283   0.2655312
   0.2336385   0.2376865   0.3294088   0.2633867   0.2531898   0.2268797   0.2361211   0.2212525   0.2698526   0.245451 
   0.2671334   0.2612213   0.2633867   0.3820517   0.2826052   0.2758213   0.2711709   0.2611906   0.3056943   0.2982602
   0.2707159   0.272736    0.2531898   0.2826052   0.3830906   0.249299    0.2590337   0.2493617   0.294482    0.2945207
   0.2311301   0.2305831   0.2268797   0.2758213   0.249299    0.3153325   0.2404969   0.2225101   0.2664239   0.2684255
   0.2304389   0.2418525   0.2361211   0.2711709   0.2590337   0.2404969   0.3221986   0.2320821   0.2700386   0.2573348
   0.2333918   0.2388821   0.2212525   0.2611906   0.2493617   0.2225101   0.2320821   0.3049949   0.2642011   0.2612075
   0.2694098   0.2711283   0.2698526   0.3056943   0.294482    0.2664239   0.2700386   0.2642011   0.3883837   0.3059339
   0.2594033   0.2655312   0.245451    0.2982602   0.2945207   0.2684255   0.2573348   0.2612075   0.3059339   0.3818148
